00587663000154 
31038276000192 
04398974000126 
31243041000132 
31243041000132 
08871807000101 
05744310000134 
05744310000134 
00597784000187 
04198947000100 
05033439000134 
29274024000110 
33419482000178 
35943604000156 
01470832000134 
01470832000134 
08286632000175 
08100532000102 
33875170000179 
00763406000126 
00763406000126 
04133045000195 
73368698000176 
33152885000101 
34271171000177 
05632471000136 
07701708000119 
02957659000166 
27289834000115 
2728934000115 
29645546000181 
32342305000178 
03983242000130 
33419482000178 
30056246000146 
05656302000136 
0468486100197 
0468486100197 
30465710000158 
06940286000171 
04839918000180 
33116856000186 
02248221000109 
05418418000137 
03916230000193 
97508121000180 
42139014000130 
42215137000103 
06143434000127 
09585873000188 
35763044000158 
35763044000158 
09555527000157 
04004760000128 
05759214000160 
07268292000197 
40450116000147 
40450116000147 
05350189000166 
68699560000110 
07810395000137 
29392297000160 
06315136000177 
07925321000146 
02678955000128 
06331846000190 
00286113000103 
05402509000184 
0551117000118 
33274994000193 
07287161000157 
07287161000157 
03916230000193 
07216099000102 
29240496000152 
01925587000102 
03986504000110 
40244816000185 
73688129000108 
73688129000108 
01278372000147 
01278372000147 
29470374000152 
28449924000270 
03389065000240 
04664503000112 
07287236000108 
35594001000358 
06173511000191 
08764478000108 
31018013000111 
39129879000101 
40190688000134 
02154541000108 
04818011000134 
31209828000188 
02157266000178 
05632471000136 
00085500000102 
00085500000102 
05402509000184 
02068649000170 
53787701000189 
19157650000164 
10649133000147 
33419482000178 
06787407000197 
06787407000197 
06787407000197 
03333592000151 
03927921000192 
29674066000149 
31863657000106 
40365884000100 
05242191000111 
19199348001311 
01993590000163 
32086266000276 
07579938000157 
02738139000162 
07171570000193 
03276398000181 
01971353000100 
31111412000122 
02033786000179 
09520568000108 
7692629000270 
5220310000135 
1352920000131 
30072292000139 
302282000181 
30072406000178 
3280489000190 
6095967000180 
31601818000193 
0811366000168 
06888596000194 
6297827000195 
6000126000142 
657861000147 
4140924000144 
1137615000127 
1024205000170 
33317470000132 
8065681000188 
28004075000160 
2532779000111 
32231367000102 
97455190000173 
40433823000125 
00848268000188 
6193498000132 
04757881000140 
4368820000191 
40403180000177 
487711000132 
2176151000120 
6067156000176 
7670322000197 
6073307000107 
2460077000170 
3372304000178 
5582839000107 
2200553000113 
3809158000103 
5944679000190 
33243726000104 
28173672000118 
03496127000131 
5008564000194 
597817000199 
2678955000128 
7390544000156 
7765755000126 
68715473000109 
27150796000115 
68619238000133 
5147371000114 
33775974000104 
39072723000131 
30188080000111 
4475849000172 
42215137000103 
2525936000161 
2466315000154 
540057000183 
618553500160 
36424141000189 
30376735000185 
7199717000153 
29467172000151 
8316561000106 
359209900156 
00545435000111 
3255147000110 
31594385000196 
2699232000105 
33067042000107 
3070815000135 
2207468000187 
3927921000192 
6922875000127 
3213681000164 
7338024000102 
2209749000179 
6027073000153 
72162902000135 
07606675000128 
2846359000100 
08085848000172 
28249951000118 
3565762000123 
7291814000171 
31579113000117 
05988617000180 
3333384000152 
5574024000178 
03952200000132 
5761072000175 
42179812000196 
42179812000196 
5249954000156 
4397612000110 
03299242000116 
7969693000174 
4618544000172 
6227325000198 
03074364000104 
28707297000149 
3884903000170 
5925288000129 
8875394000133 
4482884000119 
5114818000159 
5020514000122 
06340309000107 
02154541000108 
6152494000106 
30598122000192 
1609506000165 
33419482000178 
28657302000156 
42343467000184 
5448344000181 
86183449001049 
32046088000179 
3635314000159 
4507426000197 
4507426000197 
4097593000107 
2873845000117 
31970932000190 
7144378000108 
29014008000199 
31512171000123 
7055332000112 
00908424000159 
04288744000104 
03719261000154 
715830000103 
30748826000102 
4855310000149 
33471657000196 
29222726000150 
42580167000119 
56690005000100 
2449145000280 
1891707000106 
29334364000190 
5327346000112 
1360335000183 
308845480000102 
4673884000104 
33501214000109 
1369203000112 
30660138000188 
5461965000103 
43819978000605 
6709123000182 
3930706000140 
7171570000193 
6039548000121 
03713266000170 
36147445000146 
04031107000158 
28915106000134 
4525215000187 
04914571000192 
68643725000131 
31648421000157 
1567314000133 
30042097000166 
03603382000136 
2735197000132 
3426497000100 
3930844000120 
4702137000149 
6300422000169 
3095103000170 
03542857000121 
7142181000130 
4214716000142 
3237805000141 
8330487000182 
4859108000195 
33561853000151 
08193966000102 
1721269000120 
3544373000111 
33116856000186 
5846477000106 
86843745000138 
3293778000124 
30137525000134 
27892496000101 
64486000121 
28728145000122 
7418517000144 
7283079000154 
7551921000191 
2483753000120 
31308075000168 
27704774000150 
33455858000108 
27912757000108 
742613100184 
5396263000185 
07006758000186 
155331000109 
7827837000158 
8600125000164 
3350007000121 
7900388000126 
2389405000199 
68699560000110 
3278416000164 
8052281000138 
2176914000133 
33368762000102 
3587149000132 
73305484000150 
31332042000153 
04360365000188 
516299000131 
7535020000106 
5248157000154 
34071076000120 
42179945000162 
02932577000167 
6315136000177 
2460833000160 
1628200000156 
39071048000126 
7263525000169 
1010980000176 
9160567000108 
29026580000178 
04747159000125 
28362499000104 
01419161000187 
7277170000167 
801296000140 
35809995000110 
4159913000106 
34134783000118 
3769062000150 
1707247000105 
04212315000153 
8466489000101 
111785000170 
02796887000100 
31302342000190 
4697196000176 
30104814000137 
5638959000170 
6166097000193 
36080836000190 
2505597000151 
67632240000180 
3628558000104 
39129879000101 
40358715000135 
00763406000126 
32555963000148 
42130146000100 
5921975000176 
7494753000140 
3539258000159 
97362537000133 
8194677000110 
3912085000172 
6323576000176 
31641871000118 
7081150000116 
5965669000131 
7755029000122 
73890758000116 
301136170000184 
05402509000184 
4337329000101 
07542268000102 
59269654000168 
4336768000191 
33875170000179 
31960826000126 
8178227000133 
33501453000150 
4731106000116 
3411579000173 
00834263000104 
3304983000148 
30252803000102 
4180942000150 
04878326000177 
5109374000163 
7669824000106 
6028491000165 
35795236000146 
42139014000130 
3454937000125 
2263013000189 
2522745000146 
8466816000117 
5157021000139 
7492858000160 
32362865000194 
32362865000194 
3173182000190 
4700328000171 
7016960000199 
29223336000103 
1808566000107 
07852750000130 
34134379000144 
68629799000113 
6104862000140 
5085815000134 
5085815000134 
4649143000180 
31449861000347 
1884008000120 
29886470000186 
05510528000136 
68554104000181 
6895418000190 
05656302000136 
28997872000276 
06248331000121 
39072905000102 
07444653000109 
06321200000122 
28365492000138 
42588871000118 
06886011000105 
1107121000108 
406766000170 
49557960000499 
8816404000160 
7287236000108 
06196332000170 
727486000164 
2647942000191 
5296297000106 
5663079000154 
1696045000105 
2119658000142 
27883289000190 
4379949000103 
1696045000105 
4391927000150 
35763044000158 
8673478000194 
2474320000171 
7710186000111 
7526709000174 
3563836000192 
2674049000155 
15234941000167 
4379940000194 
73795007000110 
5925311000185 
5863155000175 
2580037000161 
7219387000110 
31401383000133 
2243028000185 
3215004000185 
43368422002251 
32529414000107 
2426147000173 
5273424000143 
6287826000160 
7715526000105 
5520411000121 
2247792000129 
03064454000114 
3393872000155 
31198435000116 
00959272000113 
2902159000127 
3263921000135 
8185854000100 
4413937000140 
7099160000189 
113249000103 
113249000103 
1637504000180 
04630809000158 
6268187000195 
5029597000110 
72119241000165 
8505218000100 
5746983000123 
29222155000154 
7348262000190 
33416231000806 
5990975000128 
7556619000126 
31455017000167 
1499414000170 
2017199000196 
515014000148 
7891205000153 
07221519000149 
2020656000100 
29620192000110 
3147465000168 
27629211000144 
40256240000176 
05067338000184 
3517458000100 
5639480000159 
3987983000190 
30013106000190 
5936675000160 
31449358000120 
03651295000154 
05356162000180 
8852732000111 
57008948000615 
35773969000180 
32021982000194 
97356968000278 
5883524000191 
7613769000124 
5513504000129 
9035661000127 
05825397000174 
7399758000193 
3138964000199 
8054134000105 
5445835000179 
1835874000121 
28109445000123 
05474046000166 
29558293000109 
29735727000107 
5771221000187 
7503705000170 
5318912000120 
4779041000189 
05515025000141 
33192790000103 
4053315000158 
943067000160 
8140344000108 
36079002000165 
27194133000100 
07581324000100 
4931632000120 
3552702000176 
3489153000132 
7474466000178 
5034899000187 
3047889000150 
30271324000125 
8871577000180 
957468000179 
4193822000197 
4479749000114 
29775624000162 
4007895000147 
3719599000106 
3579382000148 
5636150000100 
5889228000106 
01035027000182 
28095974000115 
31007404000130 
04351295000100 
01194833000101 
5665366000101 
7972434000100 
4221873000266 
31041460000191 
06373283000101 
8468972000117 
33257007000142 
816304000121 
3647355000165 
1269960000114 
3044504000100 
40292369000130 
00734572000102 
7515551000137 
05417157000130 
1822349000171 
00929837000110 
04172762000126 
05824368000198 
755762000106 
8458940000130 
1887929000147 
7180256000177 
42256511000119 
40365884000100 
5638418000142 
5429226000126 
65243941000525 
39526777000120 
29001708000149 
6916925000163 
6275799000155 
6023882000197 
4772027000153 
31128705000112 
33450990000119 
2061755000121 
4034879000143 
8610352000170 
4387219000146 
89261880000105 
04787292000105 
3321968000108 
5297914000180 
7946489000138 
07117022000185 
4031987000162 
7164612000169 
1528015000190 
4577662000180 
9003350000186 
5356487000163 
2932787000155 
5933549000152 
39077664000194 
3996894000100 
2619698000153 
02650680000114 
5871237000161 
73688129000108 
1416121000181 
31579477000105 
1785272000107 
4767552000180 
27710045000106 
42281121000107 
3402361000152 
7734808000141 
2447424000124 
06251431000107 
05681783000130 
4831346000192 
6529469000107 
03000496000191 
06243228000199 
35814094000117 
68616705000171 
74138702000172 
00771482000183 
40450116000147 
6637216000149 
8374251000148 
7854503000173 
7854503000173 
1546783000176 
3421352000109 
40354847000199 
5537510000116 
31407711000109 
3408334000197 
2579862000146 
4727397000179 
8222950000172 
97395750000141 
5319145000173 
5448225000129 
5058857000186 
68789932000107 
5301033000195 
2588098000175 
2049359000189 
40377160000179 
05039840000181 
4767200000104 
82141000109 
2166824000161 
02391307000196 
8473867000176 
5265572000116 
29304524000158 
42328260000130 
6957723000160 
32242299000187 
44019198000120 
29392297000160 
33912502000148 
31603145000100 
32585283000177 
73147084000164 
73282600000163 
4149009000110 
3009981000126 
8517420000151 
31841356000181 
4819279000190 
5007253000100 
4567512000195 
40389215000160 
8058682000103 
02884119000108 
3404832000161 
73267387000110 
33825829000182 
31540453000134 
3449757000155 
3748513000173 
36525319000188 
5156570000199 
42235648000197 
04996052000110 
989081000102 
3743188000156 
3743188000156 
6162973000103 
74107475000118 
40293565000129 
4572622000145 
3804795000189 
86729977000160 
00597784000187 
31012479000100 
3380594000100 
07606482000177 
4747131000198 
42470088000155 
3335648000107 
31628530000102 
3927073000111 
329379000188 
2936663000148 
076284050000118 
33891334000151 
4420825000205 
36089357000135 
72336928000152 
03636327000142 
6123141000188 
8408433000192 
6940286000171 
3638291000136 
3013482000102 
4936838000142 
4267541000131 
6337205000143 
00964851000235 
69275337001007 
73376188000140 
2280516000162 
33534751000147 
4445673000106 
7391292000180 
03707971000164 
31179963000128 
285753000190 
4619345000189 
75035370000113 
188156000148 
33152505000120 
2737111000100 
05271817000118 
8308762000161 
6208435000102 
5122543000103 
3575993000118 
39128020000188 
4806321000139 
8056167000186 
1391559000152 
30056246000146 
2197764000144 
42356337000186 
587040000181 
587040000181 
2777488000193 
03575815000197 
04715558000104 
07499326000154 
7529014000146 
00087500000102 
00277106000137 
00587663000154 
00603139000120 
00924098000173 
01561789000112 
01590276000130 
01702373000177 
01925587000102 
02041670000181 
02068649000170 
02288670000180 
02397253000176 
02771902000157 
02794346000134 
03333592000151 
03379934000174 
03397903000146 
03421185000104 
03552300000171 
03838758000191 
03916230000193 
03983242000130 
03986504000110 
04079227000125 
04398974000126 
04542564000107 
04574437000190 
04666539000135 
04671787000174 
04691642000135 
04799100000180 
04800467000177 
04839918000180 
05021601000102 
05370858000161 
05382161000100 
05414082000134 
05638492000169 
05731389000169 
05851889000134 
05877882000191 
05916072000105 
05961112000122 
06100418000157 
06173511000191 
06922720000190 
06935874000117 
07175248000132 
07211747000219 
07263539000182 
07268292000197 
07287161000157 
07451887000183 
07607420000180 
07623175000102 
07675137000276 
07708717000131 
07719342000105 
07735825000101 
07864098000174 
07925321000146 
08039048000115 
08218809000104 
08244789000138 
08286632000175 
08401744000120 
08613140000147 
08873504000128 
09077948000110 
09128552000154 
09165181000180 
09263772000190 
09341287000198 
09358056000197 
09397821000188 
09416100000178 
09468662000246 
09555527000157 
09585984000194 
09604980000106 
10144519000105 
10390444000134 
10418041000156 
10573296000193 
10692632000117 
27248244000144 
27289834000115 
27632512000127 
28449924000270 
29645546000181 
30279889000159 
30306062000197 
30381107000198 
31017155000164 
31046154000148 
31111412000122 
31859093000138 
31863657000106 
32050387000187 
33316399000173 
33430604000127 
33701459000171 
33761271000119 
34112854000181 
34142828000104 
35594001000358 
36222537000143 
40188815000160 
40401903000107 
40442543000183 
42384537000142 
58248352001201 
68586239000129 
86968054000160 
97406060000140 
97508121000180 
27624709000114 
06935059000158 
00638881000170 
2447560000114 
30381073000131 
29325883000191 
29340189000143 
02771062000122 
05109800000169 
05112758000135 
04604889000177 
08493060000103 
00444221000159 
43843358000512 
29731320000101 
39412287000160 
27854868000105 
29434842000133 
04299903000176 
29423019000122 
28916849000129 
03319203000133 
32053647000178 
03362154000111 
01875562000141 
00548712000140 
04666686000105 
01752531000101 
05951992000156 
30912372000155 
40158685000113 
32214330000176 
68822634000163 
34389411000132 
42578203000100 
03814196000146 
74127291000110 
33071762000138 
30228290000196 
00935455000161 
07158630000138 
39451307000144 
00260667000123 
31617228000159 
03743842000121 
28618254000197 
03957817000140 
00201468000144 
04313172000176 
03062746000118 
29332581000133 
29330818000154 
02021508000100 
72031552000178 
04274969000101 
32578668000107 
05017655000196 
05863346000137 
39131982000196 
02928850000180 
30314561000126 
29314788000192 
29331915000161 
33570052000667 
35871128000105 
06262320000104 
07198628000192 
04934093000182 
29364791000110 
33150830000154 
01969132000199 
05866519000170 
27200674000196 
73830861000170 
35840115000179 
01804353000107 
08491208000162 
27493972000111 
02795198000172 
27698190000119 
30242986000177 
32039331000121 
30618987000176 
03687314000100 
33399007000268 
33038670000156 
33150608000151 
03769184000147 
29320132000182 
07142344000184 
28754190000151 
36086759000186 
09009536000142 
31215684000172 
01419468000108 
33478439001317 
36194025000110 
29388279000104 
68792969000186 
02431367000195 
29324324000167 
33925827000165 
30823041000149 
04527854000154 
29582236000165 
00826223000102 
28769982000108 
29371044000100 
04848231000100 
29684545000146 
59128553001815 
02001850000130 
27673409000125 
28753796000172 
05526690000130 
03642126000158 
05031147000162 
28881530000105 
01274101000113 
42450767000162 
05639847000134 
29316593000181 
04557743000118 
28754067000130 
30189344000151 
33153446000105 
31868540000115 
73774812000168 
00157538000104 
33294083000985 
05330657000130 
33013525000110 
28214211000146 
29656835000142 
36453116000123 
01565600000160 
07158630000138 
02452901000140 
35889609000148 
31455017000167 
31588585000136 
01638283000164 
36431666000141 
29482452000139 
05053569000139 
29684669000121 
03001572000183 
33096272000196 
32284499000100 
00152301000130 
06166161000136 
31865868000188 
02345237000130 
01424760000199 
04141145000163 
28752933000121 
06139742000189 
02289280000112 
01932091000166 
36443802000113 
04198612000191 
33148552000109 
73585937000140 
29583887000170 
08533497000115 
86961380000146 
05329440000100 
03607844000193 
05369110000149 
33760224000150 
36443992000179 
04462654000198 
05608582000107 
35761253000162 
05183948000139 
03371378000190 
27593318000180 
28749679000135 
32367567000197 
55285365000282 
02191482000130 
29397957000103 
09118364000145 
28806537000162 
02695143000190 
07928961000100 
68680149000100 
36051910000140 
28775583000141 
00167748000183 
03258979000190 
00845384000143 
36517225000167 
68785856000153 
29316007000107 
03452108000103 
36532059000178 
40324162000108 
36423853000183 
29728508000192 
04967516000160 
03783846000133 
28071470000165 
01512673000193 
08471993000191 
08317731000177 
31949621000170 
02242373000102 
73911406000108 
02040828000107 
04182588000100 
02245666000135 
00751426000187 
05076215000100 
39175922000175 
02121732000166 
31396138000185 
04177615000149 
00679630000134 
00907520000182 
07220613000183 
08703855000190 
06039281000172 
03575380000180 
04861981000112 
06012138000197 
00866627000120 
03589753000172 
04403444000129 
39413422000124 
07717471000164 
07333121000102 
06976712000127 
02897000000161 
05902509000143 
07393604000194 
04859082000185 
03575380000180 
07282187000102 
07198628000192 
27798107000183 
2881046000192 
311392380000150 
53587710001493 
2795198000172 
4626195000130 
7594928000190 
30218333000152 
29391596000180 
5360595000100 
3886352000184 
30726145000135 
31928567000156 
3930571000113 
3449042000100 
3886352000184 
7594928000190 
5489314000113 
9264949000173 
7890147000143 
35907823000180 
3254097000157 
8607668000103 
5360595000100 
7282187000102 
5489314000113 
7341766000260 
40346819000120 
3955924000130 
6128856000123 
7341766000260 
7890147000143 
5214097000159 
8607668000103 
5846835000180 
28188811000187 
6306659000157 
30885545000274 
7919832000155 
6984024000109 
1346094000118 
8386347000126 
4686610000141 
5740125000171 
40398018000108 
1349065000100 
673695000253 
7870888000162 
2653182000125 
4971639000175 
42203463000109 
1346094000118 
1691197000115 
2706390000145 
03254298000154 
68764851000144 
3930919000172 
3452108000103 
673695000253 
1944029000194 
29527322000175 
3173411000177 
28188811000187 
33195900000190 
31156300000198 
1679887000159 
29080025000124 
635068000147 
1475229000145 
33315516000184 
10938558000176 
10333324000103 
68680149000100 
10938558000176 
30833735000167 
6372739000100 
33315516000184 
73361503000166 
988617000167 
31407273000189 
4703809000130 
5455020000170 
3968271000123 
4620473000142 
3115431000191 
170629000142 
5455020000170 
1470805000161 
4620473000142 
28021194000120 
27704774000150 
3115431000191 
170629000142 
29487071000140 
28021194000120 
4620473000142 
29487071000140 
7500493000171 
5263919000191 
6299578000177 
8868715000172 
40429458000185 
31436009000173 
4701951000149 
494769000103 
34480768000170 
4033832000165 
10390444000134 
6372739000100 
5740125000171 
33469172000168 
5435271000193 
31963432000121 
2573617000121 
374732000141 
4028238000186 
10938558000176 
8386347000126 
6349926000173 
1808858000140 
5944471000171 
341150000169 
3216069000226 
04016186000128 
03968271000123 
06210095000154 
00885403000165 
72190242000104 
02778920000160 
28709186000171 
30120596000124 
04506026000167 
06250681000122 
27906940000109 
04879673000114 
00183563000162 
01620787000157 
04117556000113 
04643073000152 
28219533000188 
05053412000103 
33547035000102 
04098209000190 
03962062000172 
30126080000197 
31407273000189 
31853492000191 
32220774000114 
01984336000107 
05016087000109 
05455020000170 
05966037000192 
00681631000113 
00657363000102 
04246357000105 
40302382000122 
04703809000130 
68572197000177 
01470805000161 
33983107000156 
01657062000133 
1968835000100 
4690000000111 
42564450000157 
68567171000130 
02773657000117 
04974741000124 
05210213000161 
30105308000162 
73485336000165 
02305243000163 
06339074000133 
03060911000100 
05550281000170 
01119918000117 
02089518000179 
03208191000170 
33038670000156 
27949189000110 
04620473000142 
04364127000140 
03856186000173 
06026495000104 
30931638000107 
04823586000145 
04954484000169 
04648778000162 
40446957000180 
00771482000183 
01170629000142 
04667334000174 
00200583000102 
03490953000173 
05066059000104 
04941594000196 
03115431000191 
00080561000148 
05389035000188 
07047382000158 
06871285000112 
28685477000258 
31012180000155 
04600467000123 
20730099006559 
00781348000163 
30314561000126 
29364791000110 
00444221000159 
00152301000130 
36553279000188 
03869094000209 
28749679000135 
00167748000183 
27200674000196 
05639847000134 
36054054000187 
00624713000126 
31570690000148 
03607844000193 
32285280000118 
59128553001815 
27213958000117 
30912372000155 
04299903000176 
03090960000188 
03362154000111 
36443802000113 
28806537000162 
29340189000143 
01752531000101 
03642126000158 
05526690000130 
03970592000162 
33071762000138 
00548712000140 
29656835000142 
02695143000190 
33760224000150 
36423853000183 
00201468000144 
29582236000165 
33150830000154 
04604889000177 
01274101000113 
29423019000122 
33294083000985 
32039331000121 
00845384000143 
05951992000156 
04313172000176 
00826223000102 
36431666000141 
02001850000130 
29330818000154 
01424760000199 
02771062000122 
30189344000151 
43843358000512 
03769184000147 
04198612000191 
00998107000170 
33399007000268 
33153446000105 
39457817000129 
28618254000197 
28769982000108 
36194025000110 
33223132000131 
03957817000140 
29331915000161 
73774812000168 
02345237000130 
27698190000119 
32367567000197 
68785856000153 
29731320000101 
29314788000192 
29684669000121 
29320132000182 
29316007000107 
36086759000186 
27593318000180 
27493972000111 
04274969000101 
29324324000167 
30823041000149 
68792969000186 
04557743000118 
30242986000177 
28229821000113 
29728508000192 
31868540000115 
30044507000108 
36051910000140 
36517225000167 
27673409000125 
30725360000111 
33379330000270 
40321333000137 
32578668000107 
04527854000181 
29316197000154 
29684545000146 
36443992000179 
00205323000111 
03743842000121 
31455017000167 
27521384000144 
73830861000170 
31215684000172 
33038670000156 
35871128000105 
40324162000108 
29482452000139 
05872654000162 
29388279000104 
32380255000113 
28754067000130 
36532059000178 
04462654000198 
36553782000133 
01875562000141 
27809912000165 
29126752000185 
28214211000146 
28916849000129 
36196301000260 
32053647000178 
02924981000199 
02431367000195 
17195231000443 
35889609000148 
32284499000100 
73585937000140 
30264378000163 
36518793000182 
33148552000109 
03371378000190 
00935455000107 
01089355000161 
29315876000109 
28753796000172 
28775583000141 
29371044000100 
04967516000160 
33478439001317 
33925827000165 
30618987000176 
40227092000161 
29316593000181 
35761253000162 
33966391000152 
29434842000133 
00157538000104 
28881530000105 
30876999000106 
30896682000123 
33159583000157 
73731721000145 
32074585000180 
28943066000134 
01745325000166 
03105057000143 
29333218000140 
00105741000137 
01587311000161 
02820662000133 
00334942000106 
29341435000181 
86998200000109 
68614221000193 
30034441000175 
31867666000175 
00957194000118 
30704092000151 
86891462000161 
27970557000101 
31963176000172 
29342482000140 
02421127000100 
73264210000160 
29337979000170 
01204117000150 
32066953000149 
29760832000198 
03396885000188 
04649262000132 
02003955000128 
28112340000123 
00867360000195 
04226896000182 
00289952000177 
05051385000130 
35892462000145 
02001844000182 
29003183000180 
36210003000105 
05605908000142 
28099604000156 
02055354000169 
42457069000199 
42416651000450 
33121682000301 
27693118000107 
25982612000662 
36456945000160 
31057409000178 
30623433000164 
01721862000176 
29328267000194 
03289145000142 
29322013000169 
33041153000136 
02423444000165 
02102251000102 
40433245000127 
29314952000161 
39064084000162 
30159164000127 
36533214000170 
29072048000197 
02907585000153 
40429888000105 
33927417000142 
33966391000152 
29672177000116 
42179812000196 
28271294000105 
28305837000168 
29067782000168 
27185396000145 
28996478000132 
29664323000161 
34166223000145 
03748582000187 
02205335000171 
32114415000182 
04107928000105 
39083399000157 
29348695000189 
00060586000260 
74028960000104 
03655054000183 
33152885000101 
03444158000149 
42561167000171 
03575380000180 
42479394000314 
27832955000161 
61074829005516 
04285109000173 
30381107000198 
33656844000144 
31452113000585 
02830298000192 
36554798000160 
03278233000149 
29429081000121 
29950060000157 
01728444000291 
30619688000153 
32295990000129 
03944612000120 
72357726000197 
02901843000194 
73661985000170 
31173388000156 
29976032000109 
05214772000140 
68554047000130 
48174973000173 
00829418000297 
36553626000172 
01301517000183 
42147496000170 
30450803000109 
72357726000197 
02200553000113 
48090120000234 
04589293000145 
39495676000139 
34274233026675 
31206212000153 
34115188000135 
33337122014187 
33881301011912 
33835497000117 
31611700000650 
33303231000395 
06980064001588 
29448354000185 
89940878022513 
01099651000143 
59682583000473 
30509814000117 
00396253000630 
29667227000177 
33007592000394 
33000167008862 
68731561000102 
61365227000125 
60871951000168 
56520372000101 
47680798000395 
42594473000104 
42566372000120 
42520171000191 
42444703000159 
42348912000107 
42101436000117 
35780063000192 
34265298000183 
34039594000166 
33660648000143 
33611401000137 
33593112000152 
33576166000100 
33401944000120 
33353327000104 
33334608000101 
33287806000161 
33284522000707 
33225616000110 
33146895000126 
33013988002800 
32111080000149 
30277685000189 
30257513000143 
29962255000117 
29507878000108 
28101525000132 
28060424000160 
27937333000106 
27632843000167 
26989715002407 
19737741000188 
17290057004910 
13007158000135 
06351076000148 
04946406001356 
04211047000155 
04039159000170 
03394502041310 
03388128000162 
03201296000105 
02781868000100 
02192208000185 
01505705000123 
40408106000143 
5865559000106 
39483227000170 
27832955000161 
30876999000106 
998107000170 
28229821000113 
3748582000187 
36086759000186 
28753796000172 
444221000159 
29003183000180 
40433369000102 
31963176000172 
1587311000161 
167748000183 
59128553001815 
34274233026675 
1875562000141 
2695143000190 
33223132000131 
3165221000108
